[1] "2020-08-19 21:36:26 CEST"
[1] "-----------------------"
[1] "setup, n, R, seed, subsets, siglevel"
[1] "B / 3000 / 500 / 1234 / 6 / 0.05"
[1] "--------------------------------------------"
[1] "--------------------------------------------"
Time difference of 1.606 hours
[1] "dgp"
[1] 6
         round Tmax0 Tmax1 Tmax2  cv0  cv1  cv2 reject0 reject1 reject2 dim0 dim1 dim2
result.1     1  3.65  3.65  3.65 3.00 2.90 2.88       1       1       1   37   27   25
result.2     2  3.92  3.92  3.92 3.01 2.91 2.88       1       1       1   38   28   25
result.3     3  5.57  5.57  5.57 3.01 2.89 2.84       1       1       1   38   26   22
result.4     4  3.84  3.84  3.84 3.00 2.92 2.90       1       1       1   37   29   27
result.5     5  1.97  1.97  1.97 2.96 2.87 2.85       0       0       0   33   24   23
result.6     6  2.82  2.82  2.82 2.97 2.88 2.87       0       0       0   34   25   24
         reject_BHolm_0 reject_BHolm_1 reject_BHolm_2 reject_BHoch_0 reject_BHoch_1
result.1              1              1              1              1              1
result.2              1              1              1              1              1
result.3              1              1              1              1              1
result.4              1              1              1              1              1
result.5              0              0              0              0              0
result.6              0              0              0              0              0
         reject_BHoch_2 reject_BY_0 reject_BY_1 reject_BY_2
result.1              1           1           1           1
result.2              1           1           1           1
result.3              1           1           1           1
result.4              1           1           1           1
result.5              0           0           0           0
result.6              0           0           0           0
[1] "summary(sim$Tmax0/1/2)"
      Min. 1st Qu. Median  Mean 3rd Qu.  Max.
[1,] 1.002   2.689  3.495 3.515   4.278 6.212
[2,] 1.002   2.678  3.490 3.501   4.259 6.212
[3,] 1.002   2.669  3.490 3.495   4.259 6.212
[1] "summary(sim$cv0/1/2)"
      Min. 1st Qu. Median  Mean 3rd Qu.  Max.
[1,] 2.914   2.955  2.983 2.980   3.000 3.072
[2,] 2.790   2.865  2.878 2.883   2.902 3.000
[3,] 2.773   2.823  2.852 2.846   2.865 2.935
[1] "mean(sim$reject0/1/2)"
[1] 0.664 0.680 0.696
[1] "mean(sim$reject_BHolm_0/1/2)"
[1] 0.664 0.680 0.696
[1] "mean(sim$reject_BHoch_0/1/2)"
[1] 0.672 0.686 0.702
[1] "mean(sim$reject_BY_0/1/2)"
[1] 0.548 0.576 0.576
[1] ""
[1] "summary(sim$dim0/1/2)"
     Min. 1st Qu. Median  Mean 3rd Qu. Max.
[1,]   28      32     35 34.80      37   47
[2,]   19      24     25 25.50      27   37
[3,]   18      21     23 22.64      24   30
[1] "table(sim$dim0)"

28 29 30 31 32 33 34 35 36 37 38 39 40 41 42 43 44 45 47 
 4 14 22 39 56 48 66 55 47 44 42 27 12  7  8  3  4  1  1 
[1] "table(sim$dim1)"

19 20 21 22 23 24 25 26 27 28 29 30 31 32 33 34 37 
 1  9 20 38 56 62 66 76 64 42 31 15  6 11  1  1  1 
[1] "table(sim$dim2)"

 18  19  20  21  22  23  24  25  26  27  28  30 
  5  13  39  89 102 102  64  48  25   7   5   1 
[1] "--------------------------------------"
