[1] "2020-08-13 07:43:11 CEST"
[1] "-----------------------"
[1] "setup, n, R, seed, subsets, siglevel"
[1] "A / 3000 / 500 / 1234 / 4 / 0.05"
[1] "--------------------------------------------"
[1] "--------------------------------------------"
Time difference of 1.333 hours
[1] "dgp"
[1] 0
         round Tmax0 Tmax1 Tmax2  cv0  cv1  cv2 reject0 reject1 reject2 dim0 dim1 dim2 reject_BHolm_0 reject_BHolm_1
result.1     1 1.229 1.101 1.101 2.82 2.73 2.69       0       0       0   21   16   14              0              0
result.2     2 1.860 1.860 1.860 2.73 2.73 2.73       0       0       0   16   16   16              0              0
result.3     3 1.106 1.106 1.106 2.77 2.75 2.73       0       0       0   18   17   16              0              0
result.4     4 0.831 0.831 0.831 2.75 2.71 2.71       0       0       0   17   15   15              0              0
result.5     5 1.705 1.705 1.705 2.82 2.79 2.73       0       0       0   21   19   16              0              0
result.6     6 1.890 1.890 1.890 2.81 2.79 2.75       0       0       0   20   19   17              0              0
         reject_BHolm_2 reject_BHoch_0 reject_BHoch_1 reject_BHoch_2 reject_BY_0 reject_BY_1 reject_BY_2
result.1              0              0              0              0           0           0           0
result.2              0              0              0              0           0           0           0
result.3              0              0              0              0           0           0           0
result.4              0              0              0              0           0           0           0
result.5              0              0              0              0           0           0           0
result.6              0              0              0              0           0           0           0
[1] "summary(sim$Tmax0/1/2)"
        Min. 1st Qu. Median  Mean 3rd Qu. Max.
[1,] 0.48443   1.393  1.746 1.763   2.082 4.52
[2,] 0.06496   1.331  1.693 1.712   2.015 4.52
[3,] 0.06496   1.314  1.649 1.676   1.990 4.52
[1] "summary(sim$cv0/1/2)"
      Min. 1st Qu. Median  Mean 3rd Qu.  Max.
[1,] 2.734   2.754  2.790 2.786   2.807 2.925
[2,] 2.609   2.734  2.754 2.756   2.773 2.878
[3,] 2.609   2.713  2.734 2.733   2.754 2.807
[1] "mean(sim$reject0/1/2)"
[1] 0.032 0.034 0.036
[1] "mean(sim$reject_BHolm_0/1/2)"
[1] 0.032 0.034 0.036
[1] "mean(sim$reject_BHoch_0/1/2)"
[1] 0.032 0.034 0.036
[1] "mean(sim$reject_BY_0/1/2)"
[1] 0.016 0.016 0.016
[1] ""
[1] "summary(sim$dim0/1/2)"
     Min. 1st Qu. Median  Mean 3rd Qu. Max.
[1,]   16      17     19 18.87      20   29
[2,]   11      16     17 17.21      18   25
[3,]   11      15     16 15.99      17   20
[1] "table(sim$dim0)"

16 17 18 19 20 21 22 23 24 25 26 27 28 29 
73 99 77 80 61 45 31 13  7  7  3  1  2  1 
[1] "table(sim$dim1)"

 11  13  14  15  16  17  18  19  20  21  22  23  24  25 
  1   5  20  60 127  90  89  40  35  16   5   9   2   1 
[1] "table(sim$dim2)"

 11  12  13  14  15  16  17  18  19  20 
  1   1  10  35 102 209  92  36  12   2 
[1] "--------------------------------------"
